This file shows the expected output from print_stars() and print_matrix() and display_histogram() for the N=7 reference input given in ref_input.c.


Star array before sort:

print_stars, n = 7:
K9.0 F5.1 L3.2 M1.3 K3.4 O9.5 M6.6 


Star array after sort:

print_stars, n = 7:
K9.0 F5.1 K3.4 M1.3 M6.6 L3.2 O9.5


Matrix:

print_matrix, n = 7:
12.37 61817.56 37685.80 77950.98 103769.01 112380.54 95813.55 
61817.56 7.19 90419.63 49146.48 44151.69 88456.45 153689.41 
37685.80 90419.63 4.58 86837.34 134410.09 110757.65 63547.48 
77950.98 49146.48 86837.34 1.91 78811.59 40087.42 146802.94 
103769.01 44151.69 134410.09 78811.59 8.49 110703.53 197479.59 
112380.54 88456.45 110757.65 40087.42 110703.53 4.58 162509.86 
95813.55 153689.41 63547.48 146802.94 197479.59 162509.86 12.37


Final result histogram:

display_histogram:
  2.819e+04   3.903e+04   4.987e+04   6.071e+04   7.156e+04   8.240e+04   9.324e+04   1.041e+05   1.149e+05   1.258e+05   1.366e+05
          4           4           2           6           3           2           3           0           0           1 

